              precision    recall  f1-score   support

           0       0.97      0.98      0.98       266
           1       0.99      0.98      0.98       525
           2       0.99      1.00      0.99       485
           3       1.00      1.00      1.00       489
           4       1.00      1.00      1.00       488
           5       1.00      1.00      1.00       463
           6       1.00      1.00      1.00       486
           7       1.00      1.00      1.00       493
           8       1.00      1.00      1.00       483
           9       1.00      1.00      1.00       513
          10       1.00      1.00      1.00       466
          11       1.00      0.99      1.00       524
          12       1.00      1.00      1.00       495
          13       1.00      1.00      1.00       457
          14       1.00      1.00      1.00       517
          15       1.00      1.00      1.00       527
          16       1.00      1.00      1.00       499
          17       1.00      1.00      1.00       506
          18       1.00      1.00      1.00       524
          19       1.00      1.00      1.00       483
          20       1.00      1.00      1.00       242

    accuracy                           1.00      9931
   macro avg       1.00      1.00      1.00      9931
weighted avg       1.00      1.00      1.00      9931
